Max Velocity: 47.16596549869593
Voltage Compensated kF: 17.99197875588004

d: 0
f: 13.1
i: 0
p: 0